6.97929729122,0.836754241057
7.12043044029,0.936844327841
7.04917304151,0.945568841924
7.00714832049,1.49651417856
7.39392733087,0.699600112125
7.09460466947,1.0932835548
6.98461935748,1.09102401394
7.58361193769,0.611483002198
7.01741965612,0.885250809259
7.25863135062,0.651299383651
7.24939992267,0.638026128461
7.2986685193,1.07451091995
7.03421012968,1.09680763527
7.21382638679,0.833531461788
7.1002949326,0.804943096059
7.21957571647,0.91020862302
6.94305130002,0.889925820696
7.17289289378,0.867256861016
6.9928278294,1.03667924068
6.80685942437,1.09446356124
7.12347606431,0.944981672168
6.5940761901,0.855297369387
7.10285872942,0.921611085433
6.99119416762,0.762136478163
7.32585187941,0.791788100348
7.07647304385,0.811212321562
7.14604497606,1.35212139596
6.97118069834,0.664070201036
6.67914185708,0.937060774354
7.13818172578,0.948563926246
7.0061336977,1.02869509039
7.14944806406,1.49685914501
7.18667230933,1.20224118144
7.02335368302,0.897311692634
6.60429276073,0.918404996796
6.91722756603,0.978372470775
7.12572967366,1.10243017317
7.05918639419,0.923974289925
7.13318351156,0.834431497391
7.07046847981,0.763706957356
7.24250007585,0.674056520444
7.15606947108,0.706607877877
6.84399315112,1.08627924264
6.67674818016,0.944699076653
7.16605273705,0.967160180046
7.37841613977,1.23539335304
7.10133197148,1.06977456104
6.75354391428,0.849933667997
7.33702557203,0.726996699683
7.12877473077,1.07238737555
6.84449961639,1.16576814394
7.55221789687,0.878366324857
6.95374562363,0.829133543617
6.99412997746,0.763811169948
6.97498830591,0.913333828966
7.32153751369,1.25039221865
7.14772105903,1.12695755251
7.18841646904,1.3595863175
7.09521552806,0.927269437156
6.92265876979,0.763963486469
7.28962360832,1.02945538526
6.96292987612,0.644773076738
7.1355837963,0.810301740488
7.10596011327,0.944156683412
7.05277929136,0.991247053646
6.84745761999,0.986357363
6.87597520943,0.882791217251
6.90960994873,0.951488982538
6.93886436789,0.944765964427
7.1374738173,0.773894988807
7.18729746126,0.844824822866
7.3494168881,0.955866876756
7.08043098941,0.80473804558
7.21714731269,1.09589394775
6.99496510523,0.904617901718
7.43533686933,0.784952494863
7.27203311355,0.865558618516
7.26581854007,1.18996004616
6.89511366535,0.809272776879
7.29115546671,0.848694611551
7.4122555999,0.9411197955
7.25494241642,1.32828541909
7.10128177051,0.985616128635
7.17399350789,1.07395047071
7.10644938515,0.942632886398
7.08678877355,0.903733129512
7.115726775,1.00451440824
7.19514215774,0.976672198942
6.84042215946,0.988261087759
7.45105874894,1.02225683552
6.5837204609,1.59825028353
6.96119084212,0.767592025341
7.36878166318,1.16300499312
7.17321970493,0.770932596175
7.03251400226,0.875587436908
7.02516259686,0.803573525055
7.34443734704,0.45491551964
7.1466342914,0.979504579879
7.42200304696,1.09444501177
6.97319111091,0.785065908058
7.22241688388,0.384704968062
6.7299558224,0.632996208775
6.7294626602,0.962365690921
7.05917160472,0.6501239124
7.09074640745,1.06935005645
6.97112158342,1.06170448813
7.2075199319,0.764523103053
6.85173183605,0.900007735253
7.32046750197,0.878280277099
7.10558610735,1.09352721928
7.06981447122,0.62442057262
6.89852212122,1.18815888462
6.89983397948,0.551435937757
7.42529790806,0.834815064993
7.0949707777,1.08473713157
6.95255047975,1.10876966612
7.02813663992,1.24547300891
7.06476592161,0.853325350368
6.81357506768,1.05841959684
6.92538682448,0.734084892581
7.43347818517,0.881606694456
7.35020968998,0.913478461841
7.20733327012,0.903959005921
6.93279213718,1.08076091436
7.34851898049,1.014590371
7.14966405925,1.09588256162
6.98801063424,1.22148139371
7.51407458665,0.91286718163
7.15470005046,1.25873779832
7.47747404629,0.856639999823
6.82376724432,0.835819289458
6.81688193029,0.811135431555
6.92942260972,0.85950182524
7.30208543749,0.733678386558
6.78846164843,1.09663438067
7.48933863351,1.22166576854
6.75068999098,0.882940310863
7.11326984318,0.990147876864
6.6930009348,1.22010838858
7.18847660776,0.856321893244
7.19692372044,0.904460517806
7.11605524107,1.22874254792
7.14884293825,0.985198568422
7.32164385397,1.04279414395
7.28850667872,1.13269852578
7.26989802645,1.30946469422
6.97823256319,0.781281217656
7.11943150495,1.09863190641
7.07895005945,1.18084803841
6.71485469905,0.958001634294
6.67932421734,0.978885764971
7.19351069632,1.00499591495
7.31844582638,1.11160076383
6.90067815423,1.16701301547
7.07208809374,0.844517103431
6.75661284039,1.20713688628
6.55538454053,1.29457885404
7.27614261564,0.544809888479
6.68185609592,1.07035916367
7.15953537583,0.858573941787
7.13780828724,0.794574315871
7.33678224481,0.780844984201
6.59212547772,1.19684384198
7.4576957906,0.776738704872
6.62482489459,1.23674084862
7.37705803602,0.832159603773
6.5009745302,1.20658358178
7.14182027583,1.05421516007
6.82014791753,0.94679733537
7.08859914641,1.03599950728
6.78887720751,1.13327331223
7.20551581932,0.696485911979
7.11068473131,1.28612950595
7.17908015031,0.716575641921
7.01234058039,0.895080644746
6.75463786129,0.915632375984
7.18512408847,0.906401356825
7.06250579066,1.09237296592
7.01845227398,0.929794349572
6.9648715837,0.956143048938
7.09248761914,1.15247603964
7.63539508964,1.05903940495
7.407154474,1.00478787884
7.12295591502,0.642264194729
7.08743946543,1.28050785823
6.93596204295,0.871037067581
6.88076089183,0.811776033273
7.12715199947,1.06899749528
7.22977855449,0.912565921393
7.15440903666,1.03638799497
7.65396954155,1.05580656465
7.0637217354,1.11575947315
7.2425676879,0.849207538805
7.1984606575,1.35713665743
7.03052349247,0.59936426645
6.78920493216,0.836075702889
7.17560444109,0.922557602085
7.21119777146,0.980063921719
6.89155318024,0.942274285367
6.84621411509,0.900373562488
6.96186924379,1.0838222127
7.40730857287,1.24879045548
7.0568373248,0.85514158156
7.50901272766,0.930623276818
7.31852440147,0.746271731465
7.46863708231,0.942087804803
6.89725142413,0.820709091803
6.99459792622,0.565942839933
7.25683929888,0.94778895132
6.87435908812,0.694363076313
6.80390024695,0.992303005297
7.3175431068,1.14164895764
6.9819063433,1.06295190667
7.06187762218,0.877591885419
7.34651953641,0.700700138277
6.77999855863,1.11820024982
7.09833623548,0.754403507885
6.99700439523,1.23029938848
7.34278868296,1.2234944893
7.20916957688,1.13184916283
7.09744752739,1.07491932766
6.82067959454,0.86019845609
6.91211365553,1.09601104765
6.5740255852,0.946223386394
7.13443179573,0.995826491646
7.10548719187,1.04585860113
7.19655708498,0.932858187411
6.57840928742,0.800170700654
6.8263489369,1.24069676225
6.94679803109,0.830522757456
6.8762249261,0.595367027602
7.35744537231,0.376171613928
6.99866847497,1.08593065436
7.65051363643,1.21572269448
6.81681463116,1.02278595957
7.16680855732,0.645898512178
7.19310801511,1.05690549215
6.90725983325,0.80871091234
7.18959495592,1.14177091541
7.21712808847,0.954954598635
7.08769011954,0.851192717906
6.77995470147,0.736600545637
7.09603941356,1.02616630892
6.97865367951,0.81836552891
7.27878625258,1.06327174322
7.41485762386,1.0076135422
7.00861570243,0.706022179108
7.20675928366,1.33435049081
7.31206563287,0.810608715694
7.04966114925,1.01566738811
7.0280378099,1.04374888962
7.22956606981,0.969346222911
6.98030859245,0.681905405996
7.04117414828,1.15302464933
7.18451869151,0.88870825593
6.73582056247,0.773342571514
7.0401887053,0.977160827157
6.90882735426,0.845716143281
6.60086397793,0.530086305309
6.83057906922,1.03463160185
7.21052713085,1.02589177193
7.0831075495,0.909878828231
6.88331710545,0.924811741878
6.68903475331,1.42602649474
7.18649759555,0.889189724522
7.37875448245,0.985768416593
7.16280011016,1.05220512704
6.78528383778,0.772390949826
6.96437844382,1.1398818814
6.99656297336,0.897007881161
7.12009876052,1.14731369602
7.36144556128,1.02565089775
6.95249188026,0.879375899499
7.25333146071,1.12376326057
7.28569688196,0.637828637078
7.05518941121,0.717276362807
7.42129682136,1.17995025209
7.24736073919,1.09920834847
7.20592543505,0.93813785146
7.21686570489,1.0205328786
7.32251457545,1.04039548758
6.91923659959,1.29461171609
6.93286252384,1.28015196422
6.99574104003,0.87998507924
7.28117750954,1.28870603068
7.3713897666,0.884186048795
7.3410163426,0.79185262429
6.9780311235,0.71556232985
6.80628758517,0.804686546819
7.28975271296,0.702923201568
6.97491578572,1.55024642443
7.22196439973,0.878791339129
6.6483437712,1.09480673303
7.13943376521,1.19861142449
7.09018737039,0.775934632313
6.52099550869,1.19547784047
7.49782523255,0.80834776507
7.17802935299,0.935575065037
6.7791451334,1.08580350382
7.2352881364,0.815454874765
6.97448663172,1.05152895325
7.04404204708,1.14321038427
7.01050103843,1.13215751236
6.98470341226,0.804348380042
7.17794968348,0.948982889808
6.89155716303,0.859784925121
6.40882097269,1.13567855645
7.31148635922,0.963288102996
7.44927171021,0.938148918675
7.11485353404,1.1018300341
7.44661355938,1.36790756531
7.25729012728,1.03484190108
6.77798749376,0.895152253645
6.67457505352,0.563475559664
7.0882007211,0.875964931753
6.51542976099,1.12968793608
7.16216004346,1.06082721945
7.24585428208,1.05965923229
7.10388127483,0.871769562634
6.66734421847,0.920793063703
6.97664501142,0.959439475273
7.1594794273,0.962179660218
6.96704447491,0.946249917234
6.94288976173,0.869075871288
7.31603825258,0.933487788375
7.29350896679,1.15324415058
6.86719576789,0.771522919497
7.08842020153,0.806687684777
6.93416204281,1.0324973594
6.81624136769,0.678240094028
7.27463977692,1.03606541694
6.87807007635,1.28619838013
7.40573484402,0.901315279334
7.10431361992,1.20092952902
7.34819286933,0.646559836584
7.21001780045,1.15638611708
7.2196496221,0.962509550988
7.11397151227,0.970626061182
7.11158589955,1.02301164415
7.21118369274,0.758803928526
6.7200878576,0.601301227935
7.33222479734,0.929445416786
6.63296504553,0.882050416601
7.3545417752,0.839244778337
7.17706232224,1.05202883004
7.04356949977,0.713351133327
7.04560221321,1.07798573547
7.1464649351,0.949086776579
6.9868750212,0.721772177405
7.30960086822,0.927163850541
7.06552503744,1.10619085408
7.35458280422,0.876346978545
6.90609908956,1.03785550534
6.85072126206,0.814358449635
6.99852805675,1.25267489998
7.06326589879,0.807436003545
7.29574262985,1.04335468928
7.21779551246,1.21994447542
7.41416398814,1.23909904917
7.21688104291,0.845082107011
6.74555903066,0.868609320176
7.06572205061,1.16459750267
6.9136974091,0.791453118484
7.12709561855,0.960812424716
7.12857317225,1.12299909876
7.37127158284,0.844426912933
7.30944713267,0.651444188654
7.31989992426,1.2165812295
6.94298095531,0.535532620008
7.31866418875,0.880511268239
7.01233986567,0.87996284582
7.11333568071,1.09263679599
7.34602495415,0.828528217209
7.03532004553,1.23686609103
7.08944314674,1.26892162698
6.81966989856,1.25712038179
7.17486042133,1.15565875475
6.9952381751,1.20253446213
6.99180902925,1.12497433621
6.86009086369,1.23205179103
7.46519110101,0.861272875155
6.83595031162,1.00286555099
7.25573369906,0.914098438501
7.36468545679,0.834349704246
7.29543543815,1.06644251282
7.13503492858,0.811805931004
7.44058604935,1.00945734026
7.20988530966,0.83506433916
7.25113863299,1.0660528028
6.80874261525,1.08874798227
7.21553410881,0.822360675787
7.17183550505,0.852238947227
6.96953099769,0.767465808281
6.63835521084,1.20004326459
7.22197899627,1.35869759506
7.13190008916,1.14249231451
6.78227025387,0.827911203067
6.98049303195,0.758250106093
6.9740778489,0.943281775917
7.3747965787,1.133109613
7.12207623981,0.752237819515
7.29485696875,0.921809301878
6.76717467084,1.17996022713
7.12738745684,0.993027648549
7.23033717886,1.19234190504
7.07289669696,0.608627324364
6.60533330863,1.07336529375
6.7267429608,0.634849092443
6.91543710369,0.782575362112
6.71260321768,1.31224189586
7.36223554189,0.897241142066
7.16676514572,0.720824089836
7.09993017077,0.703229629116
7.05860740822,0.46876520819
7.22157452693,0.941511406624
6.82788698326,0.839451335088
7.25714378014,0.898951592712
7.16581666401,0.848054665021
7.10992664376,0.58078185181
6.89578405144,0.732820169563
7.46664683205,0.789690118982
7.73089284278,0.706850730808
7.50070192229,1.03181840309
7.43892635446,1.0169013535
6.93778594667,1.02957612075
6.91135294342,1.14322300677
7.10146181891,1.18606766626
6.77513710762,0.979357614626
6.84064095462,1.1560598344
7.23713008231,1.39064865878
7.05423641821,0.930931229474
7.0045667646,0.884399254523
7.18164197273,1.11387519222
7.11586761855,1.15193989804
7.16161255581,0.714241324884
7.45054179291,1.3522422122
7.21765479427,1.30897540319
7.21542478389,0.923864105533
7.07448841933,1.10164183256
7.27010573538,1.16427428342
7.02106080028,1.18462104294
7.23486412455,1.04450469098
7.08857129011,0.85262077816
7.08718840131,0.841244599231
6.8698203496,0.843564123097
7.13916805562,1.11912942322
6.81225674947,0.788848674056
7.07242947343,0.917599433649
7.15480381486,0.680095271403
7.09818850729,1.09476097073
6.839953313,0.923665680657
7.17827604406,1.01907034452
7.19241764884,0.822738845737
7.14200339845,0.903108712304
7.25844849293,1.00332239358
7.25157018906,1.08634110767
6.71796516648,0.987232605199
7.31936364868,0.926412605386
6.84646669679,0.899896941764
6.95501513789,1.19594835921
7.10610708354,0.907125588445
7.38914060346,1.17571766337
7.21702876458,0.650235582184
6.715523032,1.11763997438
7.11251169542,0.900460683465
7.14889017262,0.624561269849
7.44844542207,0.989076761744
7.38138705574,0.922906261036
6.987918361,1.06484552196
6.90387465397,0.665214955291
7.09881930753,0.580969803586
7.12224439746,0.977025264183
7.23437222388,1.01043268245
6.77783495364,0.590688383379
7.07874278274,0.960831132293
6.72790124249,1.09450338088
7.21094965901,0.940969643242
7.36968607028,1.15607873915
6.67922836316,1.52935325303
6.88578708572,0.985269824494
7.06899999855,0.889531904114
7.08096547461,0.930092876106
7.11598195101,0.985590353529
7.02419925126,1.054863281
6.93855094324,1.19120682206
7.40852869326,0.855039818842
7.02597636743,1.15570188285
7.01819725229,1.08523899996
6.6313199944,0.623590501469
7.22579098757,0.483202089419
7.49130149467,1.15821938141
7.20807684303,0.940229161373
7.12434292246,1.11745749719
6.66603249687,1.13784134213
7.12275054875,1.0891225539
7.3439649452,1.07053702409
7.42386481587,1.12748461879
6.86214342044,1.03549149455
6.85853494117,1.1309699416
7.26166540919,0.861547497402
7.09757221792,0.940993602718
6.99221635366,0.856274066915
7.06488415435,0.924270749762
7.0852390534,0.957727131657
6.97520194835,1.25382244511
7.07297884415,0.660294471676
6.92415398318,0.613273669561
6.9375479047,1.00724268793
6.81839005481,1.05588144604
6.87221132149,0.565761769221
7.43623586806,0.744095094903
7.00528411062,0.983355179235
7.43467209871,0.658284839118
7.0500994159,1.15433754889
6.92938483784,1.1839672985
7.20419440714,1.06198956185
6.92179487254,1.16968659167
6.7676835637,0.499546306555
6.89706810606,1.09991133792
7.74168729187,1.29985260464
7.33076131892,0.93370047241
7.11454457221,0.996990819321
7.29734010054,0.834600088053
7.19062504541,0.443579896499
7.04634200521,0.889472177357
7.08657061497,0.915230043127
6.68388374529,0.348367222307
7.265410354,0.976956385651
7.27790016959,1.1454908073
7.23631295213,0.912577304938
7.27707719508,0.685298025093
6.88423939194,1.40172024383
6.7837516704,1.07200739333
6.80514379287,0.916975696389
7.05631840853,1.0449669812
7.21094382414,1.04191842509
6.70112745132,0.947884082227
7.1931877408,1.27769127254
7.03464199102,1.11476625626
6.89273415104,0.766907075552
7.02368030864,1.23077060036
7.25057014257,0.356620907217
6.89462084835,0.831337992487
7.14059633209,0.918696811972
6.99061339341,1.2301536138
7.01068946376,0.670958517009
6.98313162224,0.589816749287
6.96271302886,0.594467743962
6.98462805704,0.969730776253
6.96304217024,1.19226197103
7.09704236664,0.878685715531
7.54183362422,0.690367259672
7.54896177553,0.930195375094
7.03499746705,1.14969459563
7.03655666103,1.07738230098
7.08094509672,1.21343092644
7.04994297185,1.01180092988
6.60616211558,0.983782918451
7.11471200839,0.715787283738
7.01361336036,1.07907552912
6.99526784102,1.04682153218
7.25760719329,1.22048635352
6.89328695046,1.04477612989
7.39186080398,0.827019246527
7.3955948465,1.17157875371
7.19658222561,1.0387396884
7.08080633308,1.0147766796
7.22378652931,0.815704415668
7.08268469115,0.849203270285
6.8834735878,0.929150136553
6.88070674355,0.936958152769
6.67521150928,1.2653554113
7.07495881015,0.574017940715
7.03872967246,0.955481791775
6.75797632766,0.917221221827
7.07198376511,0.996940687672
6.78225949007,1.15744140988
7.2411470284,0.913890489431
7.22850228241,0.7811712028
7.2378446543,1.00657970368
6.8581997666,0.946396210097
7.05882873988,1.22564613158
7.19124829697,0.821548224185
7.20635928124,1.03549598072
7.57288628165,1.09860485677
6.99380322577,0.97264828825
6.63444069533,1.20342244838
6.81835711726,0.925481789385
7.34037352147,0.941865376346
6.97772092708,1.19286095307
6.68018666461,0.836324969687
6.68973417013,0.81210449865
6.97414249322,1.00394244817
6.94720658851,1.09099694722
7.26700682489,0.812661449456
6.99645047078,0.846903784994
7.12087127137,0.489289007845
6.95453148153,0.767151079357
6.95697545448,1.06922662433
7.25310896828,0.908550604693
7.13920387328,0.546242717512
7.42030074073,0.839786170997
7.28918561334,0.758099221502
6.9103627069,1.05485786082
7.04732858899,0.966036287387
7.00023961584,0.672794313042
7.03751974367,0.852631749757
7.25109269808,0.752733353053
6.73848990056,1.1011314243
7.1287248352,1.25024135447
7.07295483757,1.11899246181
7.19172179678,1.02705408552
6.94339529089,0.603624713308
7.1600281634,0.596598056582
7.16172532183,0.801752596215
6.82852734171,0.848460240262
7.11327426271,0.809943630335
6.88442104316,1.05169891583
7.15006920841,0.738532287477
6.96421449766,0.770398026796
7.16329062887,0.827491131259
6.6741812475,0.720815230106
7.26594842174,1.19219008898
6.68384198783,0.377458572767
7.2602773817,0.901731637815
6.97886852845,0.853870597074
7.29997616899,1.05682380006
7.25348737782,1.03682259241
7.19179434568,0.745644948785
7.19192591921,1.07654097518
7.14925355764,1.11857887415
7.31295614458,0.781521812302
7.00878849128,0.943410515897
7.14750915508,0.729133116282
7.00884672836,1.02724377532
7.17697813367,1.00895751892
7.07033793418,0.633899775916
7.48923499818,0.899989592482
6.80306894601,0.752545502229
6.86100266227,1.04827469751
7.12063240438,1.04850771983
7.24249555577,1.25107342354
7.03622567067,1.04153707224
7.00320211837,1.11269395518
6.74035986782,0.93054281443
7.03324956974,1.1185617298
7.00284025267,0.971145529268
7.00730860889,0.989956994278
7.02574110203,1.03697486995
7.51319537088,1.19515351099
7.42281571127,1.16805320062
6.94566388633,0.867924411258
7.49646859761,0.870527927194
7.25156677643,0.910916058265
6.84188328546,1.09546686821
6.88265186555,0.877714957866
7.22851723345,0.82557031187
7.25036144504,0.554870112336
7.01466555309,0.745526337654
7.14611699959,0.97845548188
7.47049310009,0.757089270983
7.59944372907,0.935702085817
7.35051467276,0.886983512293
7.29840771089,0.91424224186
6.85997096674,1.1124814053
7.10865147269,1.19743711113
7.35311137666,1.06571056603
7.36919089688,1.28224484634
7.33364305372,1.10877902381
7.29011756814,0.788659597448
6.96603798536,1.03856407626
7.25823387049,0.87260263518
7.09359663707,1.06436657502
6.97227975951,1.03295243702
7.10722192727,0.69181351959
7.04017423493,0.926689679446
6.83962159534,0.800331269497
7.30972146402,1.28497150935
7.40470785518,0.812093813717
6.96613530323,1.12444825316
6.85677084399,0.693975868203
6.76709637039,0.773552066199
7.08696783808,0.846727712508
6.78137033408,0.84160789437
7.14421041209,1.485263451
7.00456807271,0.871742053634
7.41336934436,0.677367384767
7.04012402303,1.1757634982
7.33689710229,1.02821517448
7.04458532724,1.32636080222
7.45454161457,0.515779043623
7.29303401218,1.02888528829
7.08193033016,1.0379827448
7.24556003653,0.771988594395
7.08081345883,0.843763615573
7.19021955861,0.716752573472
6.85401119712,1.0484682404
6.91635498478,0.319411341561
7.27983530872,1.1721587748
6.78568914568,0.994608811445
7.02241438897,1.12544107256
6.66792870372,0.987891957664
6.91951451529,0.865150241152
6.71012913574,0.985307397062
6.84038732146,1.10308111207
6.93776658067,0.733867777541
7.08341111202,0.952049657665
6.96873421261,1.21432339033
7.05929925812,0.990461156429
6.94998954454,0.778069701535
6.95080377697,0.640637095673
7.11208671362,1.52163134986
7.05990305974,1.32203799275
6.98521002663,0.625444952401
6.78927914846,0.758576636121
7.12698169337,0.867825772809
7.07170798271,0.826297978716
7.34825386228,1.08421848882
7.10936727233,1.01801789891
7.22611177041,0.736847021293
7.10337426899,0.871504179292
6.99673052926,0.762111472233
6.84736143444,0.427426309479
7.01607175676,0.792291346129
6.86910277105,0.80237190258
6.9356148097,0.978932082442
7.42281366375,0.614510439421
7.41422483604,0.804257550013
6.88388607812,1.11156504035
6.95512653576,1.01561792604
6.83635432612,0.959740166485
7.18947820414,0.789187704876
7.05528166261,1.05036031203
6.91657722216,1.0744072726
6.97440477584,1.06343035095
7.07233603172,0.914497942391
6.98945845342,0.621501985343
7.14934997762,0.70852950169
7.30791160275,0.931164013208
6.66688717791,0.961932536199
7.16684582786,0.711365027573
7.01662574586,0.490381088363
7.19139307457,0.655328048037
7.0362941657,0.883005567214
6.99466684283,1.10897401911
7.26134973037,0.792878869184
7.16431106972,0.984799789594
7.16948430455,0.705087149225
7.0415541393,0.79020973929
6.69734364993,1.20798583729
7.03451192337,1.13728771777
7.01964921005,1.09760568005
7.24075679053,1.02195585711
7.18189177309,1.1370004212
7.17641184963,0.901906142895
7.22918713056,0.988733178116
7.17917265066,0.83577092165
7.34353798516,1.25764665036
7.21686075723,1.05287650138
7.10770484293,0.716944357592
7.29325515309,0.7509775462
7.18971909348,1.17241497121
6.99066141257,0.77703601705
6.98154865544,0.911075471345
7.3410999472,1.01435893073
7.09927275688,0.74910889927
6.82715785679,0.931825712208
7.21677235713,1.13254353117
7.04968186162,1.05033786719
6.84243182839,0.911154374258
6.94050861387,1.01639343625
6.98280230763,1.06195419145
7.09303886938,0.939188941073
7.14928897848,1.27658801296
7.03601884198,1.08332172197
6.64969381694,1.17538696648
7.52739703903,1.44011894798
7.13695137037,0.83493419897
6.70927204488,0.885178327685
7.02452992914,0.896868837792
6.88307706112,0.895837595108
7.14515914595,1.17930820425
7.31670762554,0.826833801871
6.98857857426,0.956816292326
6.91301841438,0.86189928893
7.00519732155,0.939652937928
6.94797538885,0.959210938521
7.19527007722,1.07639644704
7.09965176037,1.00566689048
7.334437886,1.06596083269
6.87658467288,1.07630364225
7.08896887901,0.639317360277
7.43854082691,1.04813233683
7.10433672821,0.728939294448
7.08365648766,1.2555740815
6.97403473805,1.08346663672
7.00609314106,0.963462493753
7.41442246081,0.904249655062
7.26081249308,1.2082980615
6.99207487001,1.11490627462
6.98275385439,1.2428558124
6.99952228131,0.966497775581
7.13771067168,1.09439715219
7.15116941669,1.25484984709
7.28250439995,0.928124226434
6.96752923624,1.01427534466
7.13140859835,1.16662786449
7.16869679002,1.1456549595
6.71071401513,0.668530803651
6.93719589878,1.18010300032
6.92868130463,0.781095318242
7.31392324235,0.964230735391
6.83037199461,0.991381842739
7.28287815622,1.16596918195
7.143202963,1.34376492714
6.99935018649,0.759944055096
7.14453270262,0.96546806402
7.22742263086,0.895742849548
7.33148894384,1.03087606996
7.23093200609,1.0315574781
7.15601773047,1.04823187102
7.33658953511,1.01852588337
6.91008170884,0.881732536969
7.24937988501,1.30887764069
7.19674923177,0.664590313723
7.03079831222,0.44759150533
7.39477949613,1.06182155738
6.99961394902,1.00895921175
7.34122151075,0.990903537206
6.84185535859,0.875180161356
7.02574160395,0.985846731278
7.00095790516,0.78524383615
7.17700633151,0.763415170045
7.16723088573,0.988874411064
6.95410371104,1.06410352396
7.26129195777,0.872775143926
6.87533395349,0.839113084713
6.80418779148,0.995140639749
7.14369359439,1.13885224149
7.27687785445,1.26352093933
7.06965755257,0.993683321105
6.98144950935,0.967237466279
7.20288641757,0.652042694098
7.22554870331,0.888757105192
7.37911530068,0.668328640938
7.08707482363,1.12973849939
7.09658245394,0.791283391992
7.11529735931,1.41828295589
7.36417882634,0.625468476218
7.26534947017,1.27401478304
6.94083133428,1.22206711123
6.7848953935,0.942666919722
6.90081844279,1.23086312814
6.8026198456,0.89449678443
6.91170280399,0.482747363521
7.3146385622,1.14413325631
7.06995673018,0.769496566699
7.25718030874,1.09023555521
7.02618642713,0.722027315723
7.03704178638,0.684796559586
7.21486023839,0.539857149797
7.41624587429,0.648190858363
6.83728443945,0.575278839195
7.01914762283,0.669380604235
7.32699822799,1.00334618218
7.07067527926,0.740504484375
7.25655226769,1.18047818213
6.77164918228,0.627203570803
6.825145793,0.862118076194
7.29381651228,0.880980002262
6.99222830384,0.811655564175
7.06904952574,0.642681973586
7.45893458555,0.933599478365
6.81742223819,0.825792612579
6.73386694663,1.29844945527
6.67052295802,0.904237796248
6.91874385473,1.04141420104
7.3525781426,1.18771991898
6.97316865822,1.03479038291
7.34685887524,1.29470486664
7.07585287237,0.776018327344
7.45896521753,1.09833690943
7.25822203277,1.07052928162
6.91395768759,0.847300910218
6.7313979432,0.704102024079
7.32185792999,0.863707106089
7.13069569697,0.934994381346
6.72437677668,0.797185759432
6.95426120345,0.662468608005
7.0834210175,1.03285019783
7.15024436003,1.09133366839
7.21685242822,1.08887888623
6.72233850916,1.10876837016
7.00108827958,0.801988488762
7.20972335092,0.838210922506
7.13307728082,0.909488498398
6.93674616586,1.0713296332
7.21643680644,0.990232156945
7.22421404305,0.939347112638
7.18053175545,0.981014747708
7.38221006705,0.722679344352
6.75449878503,0.910837137714
6.86927783873,1.00014996425
7.47656148751,1.18529764335
7.03045611171,1.21518137406
7.20732155016,1.08033240939
7.10515286283,0.794957378797
6.99271562686,1.07882180752
7.09661198103,0.773290847402
6.93864903455,1.23686045067
7.40395260825,0.726315404066
7.29008576156,0.805153700198
6.96067803091,1.19678185165
6.73868316262,0.87533038622
7.11387303941,0.279518809591
6.89144997828,1.04206210732
6.91198251231,1.13994743908
7.13502276071,1.11377257748
6.98558044517,1.01021588348
7.2112665779,1.02459368079
6.89359871023,0.923474115015
7.36168903576,0.821455351062
7.35203735345,1.29180061545
7.09655098894,0.487224436275
7.07918630277,1.10947048006
7.24874967026,1.33226893024
7.20510333838,1.0606262063
6.91804367908,0.835348955433
7.58389053537,0.737069200447
7.16689942878,0.410794928068
7.28105688607,0.874703706262
7.26183784167,1.01451187516
7.27892181224,0.854504463696
7.18045783334,0.683920474315
6.97844173971,0.99414649438
7.04761668267,1.07943658245
7.15522542052,0.674451951035
6.81674744479,0.987570920738
6.95334234231,0.884263248635
6.79665371751,0.685205342929
7.2353578767,0.806197262161
7.24482449968,1.17872795504
7.25769092519,0.7799663987
7.35872823322,0.654932176546
6.89918990184,1.13290128502
7.18418766988,0.740050015101
7.16863671984,0.603747965001
7.30955212748,0.751399771442
7.06930675231,1.07513957841
7.17619210389,0.856017641566
7.00150629873,0.839411714827
7.34073624106,0.878120712488
7.2639071779,1.20594893173
7.08375119525,0.946731605576
7.00557601836,0.846331237254
7.2119336259,1.1991391771
7.12034978547,1.27200623326
6.89812294766,1.09592796026
7.03360567833,0.951173347918
7.0148174225,0.956627425209
7.28536650794,0.852162457197
6.74107263817,0.935864607977
7.19380618154,0.957707425493
6.94783322036,0.497872477435
7.1827291407,0.988341278332
6.96792001217,0.701330519509
7.22105221988,0.574509362491
6.95484765536,1.21280870373
7.71927581762,1.11457029366
7.05383645496,1.24755368818
6.94108582291,1.01521602504
7.20119184987,1.66763272811
7.18683091519,0.90748467019
7.12138989502,0.984787681656
6.8546895361,1.06541194481
7.48096967055,1.03154104379
7.10124140298,0.749054766301
6.79664153557,0.647961222622
7.14408340676,1.4528677057
7.13468886913,0.714401481274
7.11899422031,0.975283625235
7.43501023079,0.9945126065
7.24370009206,0.954246120212
7.3108327642,1.12883910441
7.38961061195,0.909558143507
7.01122135157,0.821933485168
7.19434502158,1.0353960643
6.9381866316,1.02872022016
7.06899990277,0.990117109328
6.71516129452,0.907118981502
7.56854194768,1.01277896593
7.08822273028,0.781768417822
7.04048202182,0.936467465662
7.09241842373,0.550846760132
7.01987563018,0.86043150985
6.81077253813,1.00031459203
6.85945779028,0.995192286376
7.32928032662,1.07095364825
6.86245187038,1.20373276131
7.23780104932,0.874733976335
4.54783000366,0.37872874864
4.50481426061,-0.0507546990832
4.42446962766,1.23088597359
4.58436103445,0.974082665773
5.30643915725,0.887851393439
4.60982104552,0.51108332506
4.65729862785,0.624828872121
5.08328580752,0.425400703386
4.74810713375,1.04575671345
4.78987112868,1.39542712945
4.2758845677,1.12894408121
4.08918918754,1.09351120716
4.45678565197,0.386857285645
4.74196117049,0.623162327747
4.27056659771,0.965845879256
4.60210807239,1.45412701663
4.16023398639,0.908537947313
4.19818516201,0.153765182649
3.84856722616,-0.26979205777
5.06070431453,-0.293004372751
4.70780089417,0.585691537976
4.76568911108,0.892253113434
4.56820950389,0.600657263581
4.21654335422,1.20969769224
4.33640721237,1.25442649366
5.25270171885,0.971035276566
5.6049124031,0.78555659348
4.87083056682,0.722952845089
4.67438835913,0.127891921037
3.76208117145,1.37095512225
5.15678645184,0.0829443620543
4.28686525435,0.692969258881
5.2204712885,0.478750986584
4.09353492461,0.956597540418
5.18007937876,0.0373954867587
3.6164346629,0.0205046901509
4.60769392501,0.511939558379
4.21497662921,0.032311627767
4.89351519734,0.33851380053
4.9472874497,0.13595815908
5.45193655637,0.528192234101
5.55634486626,0.879553951457
4.52764397086,0.00195567227606
4.86056538513,0.146398356331
4.50900737602,0.352416353217
3.83991315216,0.978672253416
5.00683661343,0.514141880203
4.53654604628,0.384393127861
4.46442365791,0.566745593208
3.39000220201,1.53582827112
5.8475966516,1.5551309483
5.05824964042,1.06493211857
4.8762973599,0.42806138531
4.47120625016,0.558283963725
4.64995622191,0.232765503674
4.21206257042,-0.394308741869
5.75119667603,0.713475113938
4.32486800438,-0.0967695123039
4.57734265463,0.289165746994
5.20545319138,-0.179116510203
4.10399980322,0.364143383142
4.7040127838,0.469847262473
4.22202929093,0.226579637341
4.07225131264,1.00205105881
5.27298613414,1.520913352
4.98522588399,0.349790190709
3.96091361698,0.591065847015
4.17504496836,0.711817801873
5.01223422303,0.231565415142
5.15839073247,-0.124461803143
4.96297658736,0.881251025117
5.38909184339,0.115517251033
4.85380538221,1.26381633528
5.1290525601,0.707777408488
5.65041962941,0.128219745348
4.4411371692,0.50242651199
5.17510857983,0.14278857368
4.43898621504,0.622438528148
4.05095612387,0.114063331935
4.43816995636,1.0525389721
4.5481322241,1.14458269976
4.86531164055,1.17440566985
5.27223940383,0.501248871202
4.67263657252,1.03039576737
5.48498063243,0.740338789987
4.39358011755,1.03186008089
4.05885884489,0.333571252942
5.29285094448,0.383660961501
4.05612084757,0.294545888541
5.02801965941,0.888638443104
5.2167874039,0.410300206541
4.48496565599,0.544511022798
4.39271131521,-0.21505226366
4.90834630612,0.769692973643
5.06646464773,0.882344313007
4.28962192382,0.321671835995
5.07580325232,0.459264714249
5.3672131705,0.753967162937
5.00995161918,0.0738793095641
4.558399526,0.593656429811
5.00091961969,1.75556272765
3.81066139583,-0.0519405423483
4.51736247393,1.57001615629
5.01255422039,0.382651883098
4.93281222275,0.0668092242675
4.69839613325,0.422709472386
4.18079893983,0.576521975572
4.05034797054,0.5055735275
4.36190232814,0.583415181261
4.99602944787,0.423418414321
4.01341160673,0.44574594059
4.88530153024,0.719719795493
3.82169656839,0.0500910873446
5.19726140832,0.885275892046
4.69083764919,0.626215008592
4.93815601621,1.10429808191
4.42922331755,-0.438783241774
5.17180447803,0.995704162708
4.87679208504,0.164149499919
4.8306255709,0.504018139326
4.41527731819,0.0832099078322
5.68258456619,1.58477818504
4.94196373054,0.201426114523
4.82883368381,1.04334414199
3.96227467854,0.237020212818
4.52021161035,0.760342221213
4.86885839555,0.678721531583
5.65518410748,0.321570784688
4.56503124631,-0.161557897511
4.78347741988,-0.0471313547158
4.45538029993,0.948937130676
4.30931164288,1.16650232383
5.12752699368,0.362917464207
4.30779239942,0.307633273837
4.98822168371,0.465313068143
4.66990295147,1.27495348078
4.84724376469,1.10564871754
5.16121849751,0.479624358077
4.3469001259,0.294532328056
4.82007128914,0.579680782638
4.87823344331,0.621542804567
5.11554724878,1.27124796316
5.69229586143,0.381138120065
5.10901368673,0.67521007087
5.24221724917,0.365127960427
4.74343983418,0.233551921656
4.46930182835,1.09446154211
4.89031285797,0.23620752365
5.21260996098,0.963122028514
4.36267374214,1.30369327593
4.46398571101,0.710771826303
3.71417479838,0.312835308831
4.70724330625,1.01121470854
4.37632847965,0.290688171039
4.55176735019,1.15938161296
5.62698358971,0.828731896611
4.64184190015,0.756080720432
4.65286334057,0.271951288105
4.58904729611,0.539440981823
4.43566589887,0.596943904091
4.3820178842,-0.332776251954
4.54506823453,0.608106380825
4.00592914529,1.37610769963
3.94828423776,0.219549791321
5.08640731609,0.966600502112
5.00285179682,0.806701324947
5.03830818714,0.849219013049
5.09348835433,0.431220683171
4.89136297647,0.880371379123
4.53280845393,0.459165763191
4.89752656647,0.472634168899
4.59226012445,1.35726132712
6.04799508737,0.85130417228
4.74709378693,-0.319192793772
4.92276866822,-0.101608226511
4.73703967222,0.245276430363
4.30084556395,0.647643387262
4.24751829991,1.00188031348
3.86813094376,0.565120818203
4.40961422848,0.697915694236
4.74379420162,1.45195963026
4.31157551501,1.63062021764
4.46254446035,0.588956863813
4.50387831115,0.700729522565
4.91401266177,1.01280154554
4.40478956988,0.451471880798
5.27005426044,0.564366065306
3.74978355264,-0.0227139403692
4.02098901276,0.617849821589
4.78267769712,0.693771844106
4.54532648227,0.650011033233
4.67671621031,1.01111096629
5.36987177551,1.20631803213
4.38415368191,1.41022041729
4.42818814007,-0.159829025622
4.93283131121,1.05692926602
4.45607655491,0.379976530159
5.21980955571,0.250072106929
4.57678624878,0.62132726876
4.4582690467,1.01240411171
4.65117935562,0.78871502575
4.94630973392,0.785747795446
5.31664750433,0.45221664428
4.70515101682,1.14568910399
5.22235176532,1.32976495005
4.87328569393,0.136028676
5.0124285719,0.43116131906
5.71403599744,0.0673560235428
4.8891578579,1.36788781012
4.95884378982,0.987628033284
4.27233322095,0.620363727559
5.02559408219,0.809646631337
5.50609705384,0.830799951558
3.69940088476,0.0813317842796
4.99525301628,0.196682703543
5.25673172668,0.391485168872
4.26039140726,0.102395545453
4.76248616844,1.02979535186
4.70139326384,0.353719079302
4.55945673094,0.784784237571
4.58191790635,0.347462119351
5.20244978719,0.588780042389
4.49613607316,0.616659359139
5.56544793341,0.147608022525
5.62428340973,0.853596169683
4.45162086957,0.475583885436
4.70691862027,0.175103327733
5.17157592886,0.288776211632
5.15469518043,0.251632946382
4.36329198648,1.4988143209
4.85068068331,0.00944018994966
4.58622823618,0.062854159892
5.42685859916,0.733276197139
4.68586089621,0.582095629863
5.056030928,0.695403793192
4.81219966127,0.520216334337
4.83563962405,-0.369517889088
4.7414216027,0.723378330895
6.16546589787,0.919267101844
3.58710782716,0.715509683609
4.64397435588,1.22145707502
4.5674849002,0.735557999218
4.79953881045,1.61078852937
5.2217021946,0.698033625924
5.45798846116,0.757077737
4.75832941795,0.692845003169
4.2790128676,1.26841973633
5.83041928196,0.44617310491
4.25804393992,0.0884337076833
4.30685334649,0.688371301664
5.55460005208,0.98138847798
5.36670366382,1.50193613158
4.13026477716,1.08712524529
4.46274978437,0.0507889945429
5.29086111091,1.18451648627
4.90356873857,1.55942804379
5.08007610375,0.671277903581
4.68584754109,1.37162499232
4.26582572893,0.480216952214
3.98882949369,0.772709832924
4.63060627122,0.0825056862444
4.67363119748,1.29016371153
3.96992217342,0.149015189391
5.28320144127,0.613896269647
5.08034103987,1.03111645431
4.21564908783,0.062824892517
4.62312786524,0.980972853868
5.47750467907,0.685845492079
4.03276256052,0.529224515655
5.05581457927,1.48460954957
4.07726120047,0.114267793585
5.00309261138,0.205129143679
4.91138958665,0.648498184639
5.02597705731,1.18075506776
5.90808298703,1.35258939472
6.12611610855,0.570026848829
5.34944645793,1.32309408802
5.49155248845,1.18764061561
4.46088409143,-0.23451811393
4.79692127639,0.706586854483
4.75590022747,1.05487962597
3.92960039112,0.866312570289
4.57144797869,0.22547568789
4.6771510593,1.16462909606
5.23824299284,0.238177928557
4.07398668836,0.739011377851
4.90104174339,0.352430191803
4.89715711789,0.645140094768
4.51588004595,0.594821095518
4.48695388687,0.145561176231
4.63672016011,0.459700772924
5.25612122023,0.518794353993
4.71952296072,0.962757319457
5.72420286885,0.874942607449
4.81158681387,0.555197297631
4.2510926763,0.727947227954
4.6030625501,-0.1683755774
4.73271270098,-0.124488985693
5.96898839705,0.562564823312
5.07337026982,0.993734647142
4.27234583082,0.125885392844
4.45800042252,0.147770445816
4.53251413448,1.02366027558
4.21469003224,0.117233333803
4.22787554438,0.802219731556
4.09052038546,0.81114810841
5.10505786598,-0.286316961129
4.13747755021,1.27058089302
4.42331820484,0.434616596237
4.5674805424,1.06135158415
4.51824165441,1.41092072564
4.64852537476,0.183711057551
4.99121012346,1.40135494232
5.63620297042,1.00713646754
5.19894001175,1.09641185477
4.26779498113,-0.131847117068
4.10723431094,1.86247351734
3.91382477055,0.543160113705
4.55032215438,0.520463106582
4.45580573508,0.451327700574
5.41600249622,1.04249874252
4.97867304158,1.33594736514
4.85245888903,0.221175992427
5.45995359291,0.328509616375
5.62883455332,1.19701712356
5.11697411603,0.224680047614
5.63336309354,1.10066923148
4.48823037844,0.014923318452
5.37419781462,0.417651695589
5.59921010453,0.426759767679
4.91203455888,0.481017869317
5.0983237754,0.197831987953
5.19980309938,-0.153683696314
4.65815620756,0.408614339899
5.51016276048,1.83681200817
5.17629732732,0.757312806668
5.27385848736,0.593415409872
4.13737490011,0.232747244798
5.19512387249,0.226405712683
4.52440214148,-0.0828804774008
5.35354063082,0.807669758036
4.69357129197,0.423181098929
4.36402885477,0.651470491883
5.4495858688,0.540241209002
4.77459996012,1.36124084843
5.02590067448,0.738541256837
4.08575914029,0.983397090244
4.29578156401,0.522604877739
3.83776376216,0.918028455234
3.89972389879,0.151661636062
4.61433360179,0.637457313786
4.93152754867,0.484418510257
5.15489499359,0.247737192279
5.70992181536,1.05882697349
5.10042182528,-0.118907093123
4.8215357887,0.467707877884
4.13890380699,0.185745929561
4.61267955774,0.0919695501791
3.74418968336,0.552390819511
5.02754764994,0.516832340803
4.45774566774,0.715118872148
5.20004024766,0.973977557665
4.05423712213,1.0386226236
5.29315671712,-0.753618668119
4.01575340256,0.827145104186
5.16726673485,0.968570713255
4.4843763945,0.571796550643
4.45598311844,1.06746225297
4.59212440217,1.00188089789
4.80171771794,0.754473053348
4.21791717579,0.354826395574
4.98253336824,0.716608374947
5.45239349641,1.05601350772
4.33265547944,-0.063361760449
4.23701484168,-0.0521502682155
4.58196785977,-0.274313965217
5.46510430563,1.00719540454
5.12931248884,-0.239989221941
4.8905085357,1.01614767106
5.1914611779,0.607831920001
4.77972074206,1.08829323307
4.16979652631,1.23753892374
3.91518088712,0.764786751586
4.72359469936,0.668115470327
4.58405459773,0.742493518343
5.00535285896,0.499041137083
4.75886290924,1.45441574754
4.35637477568,0.549787295904
5.05584559645,0.328029851131
5.06454264171,1.05254546958
5.35662408607,0.680874401575
4.40556968522,1.07952743191
4.71815326462,-0.134489323177
4.37754571959,-0.219181146969
5.26149096798,0.399443879662
5.39475186469,0.569727928297
5.42952364549,1.32610398992
4.54025077772,0.767579625123
4.38019816971,-0.207426834406
4.75278948514,0.337741599905
5.71303501003,0.578391423412
4.64060410634,1.06541873117
4.58780021048,-0.140035110789
5.02004678597,1.01848467777
4.99689676933,-0.305192453577
5.62730745395,0.627210648609
4.73755939262,0.0200703976111
4.82170314488,0.9796105687
5.15944745283,-0.113497837082
4.71025142542,0.644744348206
4.83736875262,-0.190032074447
4.89341502957,0.34019318141
5.11206584673,0.855676244742
5.07666570491,0.121597672813
5.45750239437,-0.0962169851336
4.24793813575,0.938033076977
3.27458422012,0.575106052087
4.84948107784,0.618103948476
5.14471715159,0.911253815618
3.75737126723,1.05224854555
4.19914368631,0.390450067547
4.87776047514,0.942916022123
5.71661229339,1.18690754559
5.28403097062,0.538318726046
5.0837719885,0.945734351374
4.0167195375,0.379187390411
4.42126405506,0.0285372870253
5.22700253421,1.74360208517
4.50247202213,0.12415587275
4.54528712862,0.0697743066304
5.02274195291,1.69329928817
5.51246563791,0.658202469837
4.07039760145,0.564528080911
4.88777440056,0.216223460207
4.82695675879,0.342006392004
4.68278481078,-0.467260061127
4.83630808966,0.935214663985
4.48994413384,0.931657830661
3.49512144482,0.223087888019
5.5942086676,0.380048269292
5.16122457353,0.644866214208
3.97163465007,0.384702580525
5.19231547021,0.765954334648
5.38102964783,0.376188560556
5.15485941764,0.706125102834
5.08921640928,1.13988624332
4.75194770495,-0.265814815738
5.24801789863,0.870354010766
5.17873567404,0.232172595177
3.49981293467,0.860844900257
5.31733209579,0.694232999616
5.02945614725,0.193583786963
4.3168455471,0.834417516179
4.58046234273,1.48295522995
5.3310829111,-0.351970267606
5.94801395347,0.436947929752
4.57421069388,0.285022294447
4.40752284287,0.388505423015
5.05970487378,0.166662341362
5.17622392798,0.326528472068
3.95566982715,0.8364082909
5.88046284685,-0.760875175067
5.22077874578,1.43460933848
3.85104475929,-0.255565015285
4.86838463436,0.159352011484
5.06180832402,1.08605939998
4.5399537154,0.595114565226
4.536959314,0.641014391131
5.55481629728,1.16473813367
4.52196517687,0.833617542533
4.34509070526,0.177854339258
5.17880860039,0.606724666703
5.80372289696,1.05842858743
4.52092296837,1.37241086647
5.2512439901,1.62312590288
4.48480955852,1.42569485045
4.48486204328,1.12302093699
4.90700392406,1.3751821391
4.87551626541,-0.194505654403
5.22725854642,0.147682915006
5.12152622647,0.980018245352
5.45542493097,0.588257847768
4.50543214999,0.0700508344797
5.25774173669,0.911794474371
5.01976253513,0.848117740289
5.35497365581,0.390981122078
4.74052825222,0.521231341267
5.0994147917,0.655632987315
4.72150503843,0.303912628767
5.40724118944,-0.310508682663
5.22069754775,0.662552568521
5.58041469812,0.386383437035
5.13078632621,0.0824782029228
4.05372657214,0.508498181787
5.10069769896,0.464110436109
4.68698064527,0.0364386820664
4.13054199519,0.943614687434
5.09302790514,0.256408485583
5.20653667217,0.508344259999
4.37652319869,1.10148504514
3.95659694734,1.03496973871
5.20811832025,1.06149388019
4.04761133401,0.354291235363
4.9167459246,0.215116340752
4.64836648208,1.07083936408
5.1595951808,-0.0213943941787
4.52784535079,0.227966446545
4.10041358068,0.679628256369
4.87730991485,1.49198767173
5.24326415766,1.25367636376
5.16016911375,0.00589348423427
5.44115525799,0.160180586448
4.84425527307,0.0314068673549
4.79226945767,0.890695183832
4.54137427531,0.479212925775
4.77903737024,0.0824055988644
5.66820122023,1.32474965988
4.52753837495,0.881756659855
4.94497468617,0.123449195551
5.15585806655,0.912803962742
3.83715252317,1.68258387606
4.94096781127,1.90965675127
4.42554259366,1.3200792037
5.63999116076,1.12330975647
6.40567375011,0.220267567517
5.70548055809,0.766537624607
4.68400512065,-0.089783809874
4.31216340136,0.803929209924
5.0298530835,1.33538222256
4.87737023657,0.000205729142401
4.88725121609,0.204290100439
4.49064289685,1.70009599297
4.53355969802,0.441972510253
4.73285181574,0.590556324278
5.47199857724,0.755375344818
4.70484453849,0.365041379256
4.62776594074,0.788781621923
4.83964228772,-0.0662896900614
4.61947667903,0.758713110143
4.92543817806,0.590156069761
4.65333318043,0.0659653562146
4.48914981391,1.11867241681
5.4951925263,0.385261198429
5.03326606949,0.345572970453
4.52392675199,0.11119855045
4.53649370475,0.411622283391
4.30859128435,0.556158672764
4.4558553694,0.57073732785
4.9657026776,1.14045306888
4.45469176881,0.858237763666
4.76522244609,0.57352365359
4.18320150935,1.36050298873
4.25585745729,1.05077807704
4.94896980074,0.757778626873
4.76265420977,1.53331472939
5.26158971635,0.356957060822
4.5863153553,1.36678273705
5.5566567483,0.252420205518
4.62246603567,1.06221325378
4.99832731675,0.311324968493
5.04322391591,0.696349591666
5.01128103341,0.969651339215
5.02292962377,0.112463016966
5.22828632806,0.0579636928956
4.85828934381,0.771957431687
4.63554007912,-0.190744684505
4.09610706398,1.53260209343
4.08008070254,0.26151063619
5.17152266634,0.797379372954
4.2727755652,0.376183829029
4.89375765752,0.271111836629
4.50457700334,0.474440589351
4.37653375396,0.813437177797
4.34300119163,1.45689644087
4.98316636339,-0.0652294601027
4.96919903614,0.221478464781
5.42650242525,0.745956501159
5.13305838199,0.990588480948
5.03431201139,0.141386382119
5.68758806539,1.05857367064
4.0057056698,-0.2053615923
5.31443631007,1.41641147947
5.00000917591,0.666001758728
4.26558962087,0.773491948057
4.41124330759,0.67963205656
4.97611651476,0.607436251784
3.77539341237,0.386593842048
3.57989275319,1.54169936275
4.47555473616,-0.689412255304
5.15527232866,0.81444207279
5.00028870398,0.895580899647
3.83377437396,0.627147175052
4.68162595587,0.974893947725
5.1147219725,0.962614450614
4.27944673972,0.00562120764755
4.66890875939,1.66852440657
5.20597876765,1.71073950155
5.11391995003,0.625780423287
4.33415423087,0.412996554702
4.52702014217,0.599708059021
4.27390520506,0.569663187454
3.85693564819,0.024325884806
3.77003300553,-0.0791751663607
4.51823816516,0.00407673578764
4.04979145808,-0.075762636167
4.93160201108,0.590453417638
4.54235550376,1.18757496201
4.60629146612,0.246396107142
6.05551733268,0.388248355429
4.53118993293,-0.211879339321
4.91655936688,0.976041764005
3.69432936452,0.895829972032
4.76016961858,1.16651886655
4.11848232799,0.16371337363
5.09779529464,0.991393965404
4.42256426823,0.911158534503
4.89416020667,-0.0331578601515
4.29590836274,1.52093881676
3.9542378385,0.215982266566
4.81133720905,0.816364385441
6.13111269547,1.23246289102
4.35665448567,0.185785350374
5.36224631319,0.334125082921
5.02991088477,0.876440948791
3.67733166609,0.559714695868
4.93551083238,0.52637715627
5.62844507652,0.772723985182
3.99088427936,0.434732569701
5.15890589289,0.665859705996
3.86603782096,0.791599002426
3.85071823444,1.06951454168
3.50507203475,0.509719758691
5.08254986678,0.319919852302
4.44075045409,1.77004429164
5.73445740124,0.946054571718
5.04714831935,0.756935791151
3.3366297794,0.823120390878
4.41441241444,0.251374897272
5.34061398108,0.557868622376
4.27345737363,0.420796064741
5.49716096575,0.242864702523
4.81821049462,1.10131083015
4.92231886708,0.748887221249
4.65488553768,0.646387559507
4.10995499972,0.87881449219
4.75250385789,0.142768818858
4.47978386558,0.666658153826
4.81393762994,0.817748350098
5.09074939679,-0.141776191475
4.97985168558,1.00392720686
5.03969124706,0.876466349658
4.8599136707,0.291476699756
5.20998135621,0.843397364933
4.46211466866,1.2236285249
4.87738828943,0.820576292373
5.31626736327,1.0912314282
4.81690578169,0.596847669219
3.90185752404,1.14312981139
4.14452294193,1.01247460811
4.99578145979,0.612935873372
4.58445317132,1.19077577831
5.77171426148,0.940848068206
5.25640652384,1.26462837743
4.59890699782,0.145237290358
4.38896701614,1.03639025409
4.71884762869,0.16387304945
4.37777697641,-0.0799671763943
4.62783820424,0.278256829621
4.22607156799,0.853705779812
5.20280208169,0.0952777097236
4.40829227477,0.378839554936
4.76806328969,-0.79204780461
5.42917261713,1.21983470151
5.4853724808,0.0205986534342
5.35667036443,-0.109861927639
5.00713227855,-0.80550069192
5.18100741041,0.586377400597
5.07210352652,0.636429480776
3.89819121009,0.608683823662
5.10428592224,0.69075318881
5.32082623908,0.645799185268
4.44242741839,0.504527273175
4.47975683242,1.1281458959
4.95446788732,0.699601427905
4.49692876724,0.711730629608
4.64587393413,0.334212236799
3.95492760557,-0.663840732355
5.0053296092,1.26890871175
4.80888741915,0.650637248758
4.30193417947,1.14082704698
4.79269585167,0.85298447401
4.73796198224,0.521166744512
4.86690373994,-0.269735506494
5.22224523328,-0.0561245416244
5.17834936642,0.639238262875
4.89885467661,0.55336719891
4.8668416965,1.14391377265
5.1759579642,0.309773219537
4.79712098108,0.882612866285
4.39841887997,1.03392469514
4.21382779197,0.747063387252
4.36812077678,0.411878557979
4.31156284929,1.3241199934
5.65032582093,0.473868760467
5.03317596062,0.554102729196
5.33167899563,0.449968543174
4.76287564223,0.187062356327
4.96602286196,1.23775874785
4.52268745359,0.0223060682031
4.85620320311,0.641552044045
4.81333867793,0.00981090956827
4.82106805696,0.624783382067
4.33866373882,0.389953521257
4.84864822408,1.8271053526
4.31692739656,-0.0627691753347
4.31124921832,1.10734429489
4.94269472256,0.42541045122
4.56476089317,1.61318265425
4.28583527109,0.69317172167
4.50435346854,0.981907815536
4.55303001806,1.15829894538
4.38245403198,0.49356839334
4.35906045822,0.40161387974
4.78267747853,1.23386752333
3.67411239986,0.770562763125
4.89351625403,1.03776473376
4.6704779698,-0.0748132783463
4.67793608937,0.902697559811
5.38304825342,1.43382989991
4.69051469835,0.217982104373
5.28124976299,0.696373739299
5.0680422529,0.318856054388
4.35688613874,0.405307844328
4.67196131495,1.05854281617
5.04903787908,0.512041196916
5.15907205714,0.184530717892
5.06142682094,0.196807209322
5.75817931527,0.449742197723
5.02509962744,1.02786670738
4.45427231057,0.49942590273
4.63977546407,0.166005864158
4.49325614017,0.48980510395
3.9350023956,1.14313288651
5.20158254583,-0.857459979787
5.39011375086,0.970925870056
4.06091549262,0.68304400312
4.03604040766,0.569176269299
5.10563356866,1.08977582559
4.71443763001,0.343526855231
4.34145911022,0.488776540132
5.2017215351,0.929580027395
5.19754827011,0.858298276308
4.71312431396,1.50625934434
5.10562315224,0.658169528887
4.26162995152,0.340506192624
4.50356791512,0.706082629492
4.91824450813,0.611125871789
5.25197562901,0.891051042806
4.35412734624,-0.199048320515
4.98420025496,0.324082948801
5.36139176756,0.301738269841
4.57756448504,1.4868497688
5.55796927877,-1.06158621107
4.22292197705,0.376822370329
5.23703752773,0.953827972061
4.3871316036,0.251346280185
4.77559788114,0.132485090856
4.88270679321,-0.559202154696
4.58657733881,-0.194616460451
4.63858632989,1.67154363948
4.89277895051,0.582883850678
4.50245767005,0.210551694825
5.18503496981,-0.395307953419
4.45440589751,1.00095100681
5.55945373119,0.71805639553
3.99129500167,0.585107514103
5.59170062837,0.410652075479
4.6733822941,0.194229659181
4.91202686128,0.251196452745
5.010685973,-0.0771367544163
4.69240996364,0.644326396705
4.52133491095,1.03591090014
4.64933907951,1.52483462486
4.72558532625,-0.364799523254
4.2864620941,1.58420172671
5.79476800677,0.845917561706
5.32890878478,0.70508750834
4.10514588513,0.529466248087
4.50859807058,0.54149837998
4.53069046238,0.45536057243
4.29482852038,0.810449173596
4.989045593,1.20283454332
5.37730484584,0.166617085988
4.58540852073,0.305921894427
5.53276633836,0.695596351888
4.36307405782,1.30556635636
4.36756055572,-0.129316708452
4.38342367684,1.71751984917
4.15451646096,1.60281176839
5.5071324416,0.85166041761
4.71026490637,0.455877173276
4.81237628318,1.54950057329
3.55584999399,1.20417341547
5.43847720169,1.35190451814
5.14958197309,0.244153045503
6.2413998707,0.4812582613
5.63893303827,0.218234217239
4.31647316678,0.269637978047
5.25002412158,1.00011283543
4.17367630251,1.08436874999
4.41879023011,1.42872968083
4.40604082663,-0.243038502139
5.07900781476,0.398667827619
4.39288159063,-0.0703412704734
4.75177519194,0.762050157912
4.42055388878,-0.399014008877
5.30288319243,0.570635901034
4.00358865375,1.37829376807
5.32517284456,0.654574991946
5.36285486941,0.34447458582
5.05672478458,0.457756354071
5.24490846101,0.392289740465
4.8328509154,0.327222046865
4.90871399938,0.0588364748249
3.75485862081,0.466442583584
4.34625058511,-0.0249664902337
4.12829827846,0.6040582511
4.48172545941,1.14741847968
4.29693039599,0.278349232483
4.61905396901,0.839920218761
4.8962686978,0.406983768512
4.59074567568,0.475195282426
4.94480597765,0.306332890459
4.21392221244,1.30653739718
4.79732924065,0.503512655878
4.31489416553,0.132289741563
4.27076370917,0.818036904174
5.93194859653,1.14119212342
3.97342020248,0.841208964525
5.03580250214,0.836275141928
4.90772971303,1.07487256186
5.00638930808,-0.377202204446
5.51613776419,0.69394256243
5.17688468208,0.352617421899
4.5087194465,1.39905436096
5.72194717889,0.0670576812525
5.01432556992,0.750472762812
4.61923543751,0.0811254885645
4.22501990576,-0.410892789037
5.71573024914,0.259919914962
4.41982170949,0.810274344238
4.87216611943,0.404432282391
4.34416323733,-0.115090761256
4.95415874663,-0.00534069125957
4.87565720498,0.733603530818
4.8008619947,0.633899602726
3.89154936639,0.597474291197
3.74245816466,0.0783828375598
4.71880155833,0.818673726857
4.30614034058,0.0142221728204
4.30066655513,1.23894207531
4.15298582574,0.611956128708
4.69465501413,0.179446804182
5.03190606839,0.159203900001
5.69351857501,0.592980705143
5.17188202862,0.942424657421
4.28891236951,1.2771637809
5.3340904217,0.110956842203
5.00955165706,0.471504809791
4.19395897883,0.537106215469
4.88213051889,0.91947563309
5.78558924554,0.943815062004
4.29724022505,1.01242245301
4.3029647737,0.619245689192
5.10056095528,0.713917116331
5.2673931757,1.11199341507
4.10540014329,0.442482179612
5.02909715378,0.864178653951
5.3172649065,0.447798622127
4.28324991105,1.20217182632
4.58705358675,1.00704648908
6.03199579119,1.49519252714
4.00219978327,1.21878266305
5.36771236165,0.92796557917
4.50454746158,1.10069343236
4.13608420313,0.0432673710122
4.84735846801,0.326289357511
5.11937473962,1.11842307619
4.34228726285,0.442640713582
4.79716756166,1.21198302205
4.29001076082,0.442669118653
5.11854468286,0.516962564889
5.70116328411,-0.16700212381
4.08289233784,0.533698635784
4.83389953681,0.775441638507
4.80111425849,0.285475045025
4.27832185884,1.39990375734
4.41825593058,0.645296063544
4.48566660131,0.676320915231
4.02605731951,1.02163841301
4.5984002947,0.669475141569
4.4087792814,1.15612871782
4.33030962508,0.523227189278
4.33641007135,1.61209396621
4.68493340782,1.3779326526
4.47087630883,0.886258652593
4.61093440439,0.830577866931
5.41328913913,1.09406240406
4.5766791241,0.823534377091
4.19707165023,0.217412938672
5.36745521591,0.543007982777
5.22872980496,0.252531043431
4.50991698458,0.581776600776
5.27521660512,0.292000742419
3.68248426655,1.75542363638
4.39560219633,0.358687980479
4.2795413518,0.423313086866
4.82494914766,0.145618136591
5.27670245177,0.928407752476
4.79623525427,1.14545281667
5.08442586556,0.525893678507
4.94160503057,0.0182719896622
5.18917150238,0.296030963471
4.7682727856,0.64650338832
4.18744137713,0.134030231489
3.91170941247,0.763421598691
4.74346328405,1.3005309038
4.4631777168,1.09958767596
4.75810453888,0.525376117165
4.31884020823,1.31110305137
4.55999054031,0.311184349098
4.56623268991,0.115448527817
4.00985032437,0.808016964716
4.05812669097,-0.674639355877
4.86910382377,-0.283088393872
4.30152210438,0.261198266924
5.18084162251,0.321078026114
4.76054283044,0.971617481754
4.94019812413,1.69905410326
4.28802566101,0.481657202361
4.96276678076,1.22000280498
5.08750005413,0.350619486347
5.74566995643,0.867093051619
5.43623503849,0.511764921414
4.36979187372,1.06353389404
4.79622748512,0.214763151848
5.4569365777,0.842990316431
4.07639146215,0.954330189642
5.43727243274,0.603724862737
5.20944333176,0.1156735979
4.30723863741,0.515224958123
4.54695500183,0.0528287361082
4.77496999155,0.559983907296
5.20148333338,0.894894558352
3.87292943459,-0.436141650307
4.6589866634,1.27537321946
4.8529197369,-0.163562633957
5.21061251558,0.443754280673
4.53852430416,0.75599758328
4.7818586316,0.111795434635
4.51437274933,0.988679899279
5.59963355835,1.33722716747
4.45140246109,0.672190959262
4.42467003642,0.794322899007
4.72532084153,0.777141040542
5.23491711765,0.659698003628
3.64939497963,0.928263806406
4.44859337294,0.272099625583
4.21992118426,1.13835625166
4.58022067336,0.792136367318
5.57409465041,0.83128904634
5.08424495279,0.116616249464
5.19137143201,0.724406109877
4.46948357648,0.92708003834
4.83646371683,-0.141793213122
4.51600114631,1.26005728744
4.39850981005,1.29184266339
5.67651092364,0.465029706399
4.12271987213,0.933822308819
4.56460695948,0.975235010703
4.6413092161,0.0610477653408
4.52254598976,0.824643076386
5.2242740824,-0.00236659725067
4.44082437116,0.0256963864724
4.43631252825,0.581327500694
4.80984755285,1.16306770596
4.22391892223,0.460228269832
4.78414457494,-0.383262722251
4.45043301722,0.542513356836
5.8538532963,0.345906827572
4.66112918126,0.455540458967
3.73682330738,-0.0221867309991
4.27151923725,0.394652891438
4.17395530296,1.20230443654
4.94937485956,0.364697247314
3.8524698289,0.549613702871
4.68489795646,1.232140653
5.59887603987,0.176890836523
4.79860290099,0.212953517358
4.32316916985,0.531812634025
